47 142
49 166
51 189
56 212
65 232
81 247
101 258
121 267
143 269
165 264
187 253
209 242
226 228
237 208
243 187
249 164
254 140
56 116
67 98
87 91
107 92
127 97
161 98
182 92
204 91
225 97
239 113
144 125
143 137
143 148
143 160
126 180
135 180
143 181
151 180
160 179
80 132
90 122
105 121
116 133
104 137
89 137
172 132
183 120
198 121
211 130
200 136
184 136
114 220
124 207
136 197
142 199
149 197
161 205
173 218
160 227
149 232
142 233
134 232
123 229
120 218
136 208
142 208
149 208
166 216
148 218
142 219
135 219
0 0
0 150
0 299
150 299
299 299
299 150
299 0
150 0
135 152
152 152
126 138
160 138
123 199
163 197
123 178
163 177
