48 110
51 139
54 167
61 195
75 218
96 234
121 247
145 257
169 261
192 256
214 243
236 230
256 212
268 189
274 162
276 135
279 108
77 99
93 90
111 89
130 92
149 98
185 96
202 88
221 84
240 84
255 93
167 122
167 137
168 151
169 166
147 179
158 182
169 183
179 181
190 179
99 124
112 118
126 118
138 127
125 129
111 129
196 126
207 116
221 115
235 121
223 126
209 128
128 203
145 200
159 198
169 200
178 198
193 201
210 203
194 217
179 222
169 222
160 221
145 215
134 204
159 202
169 203
178 203
204 204
178 213
169 213
160 212
0 0
0 150
0 299
150 299
299 299
299 150
299 0
150 0
157 150
178 150
148 138
187 137
140 191
197 191
141 171
195 170
