29 105
31 137
35 167
39 196
50 221
68 241
93 254
117 267
141 273
166 272
192 263
219 253
242 237
256 215
265 188
274 159
281 130
59 88
77 78
99 78
122 84
141 93
178 96
199 90
222 89
243 93
259 106
158 123
156 137
153 150
151 163
130 181
140 184
149 186
159 186
169 186
82 117
97 111
114 113
126 127
111 130
94 128
186 133
200 121
217 122
230 132
217 140
200 139
116 220
130 212
140 208
147 211
155 210
166 218
179 230
164 231
152 230
145 229
137 227
127 225
123 218
139 216
146 218
154 218
172 227
153 219
146 218
139 217
0 0
0 150
0 299
150 299
299 299
299 150
299 0
150 0
144 152
163 154
135 137
173 141
126 199
170 206
129 177
172 184
