37 120
42 148
47 174
54 201
66 224
83 243
105 257
128 270
153 273
177 271
199 259
221 244
237 224
247 200
254 174
258 148
262 119
58 104
75 91
98 87
121 90
142 99
170 98
191 89
212 85
234 89
248 103
157 120
158 136
159 152
159 168
138 183
148 186
158 188
168 186
177 183
87 125
100 119
115 118
128 126
115 129
100 130
183 126
196 117
211 118
223 125
211 129
197 129
117 215
134 211
149 206
157 209
166 207
179 212
194 218
178 227
166 231
156 232
147 231
133 226
124 216
148 217
157 218
166 217
186 218
166 219
157 219
148 218
0 0
0 150
0 299
150 299
299 299
299 150
299 0
150 0
147 151
167 151
140 141
173 140
131 199
181 200
132 178
179 179
