22 116
26 148
31 179
37 209
50 234
72 251
100 261
126 269
151 272
175 268
201 258
228 249
251 233
264 210
270 182
274 154
279 126
45 100
63 86
88 82
112 85
135 93
179 94
200 87
222 84
244 87
261 97
158 123
159 136
159 149
159 162
134 183
146 184
157 185
168 184
178 182
75 126
92 120
108 120
122 131
107 134
90 132
189 132
204 121
220 122
234 127
221 133
204 135
100 210
125 211
144 208
154 211
163 209
179 212
200 212
179 222
162 226
153 227
142 226
123 222
107 212
143 215
153 216
163 215
193 213
163 217
153 218
143 217
0 0
0 150
0 299
150 299
299 299
299 150
299 0
150 0
146 153
168 152
134 138
178 138
120 197
185 197
120 175
185 175
