38 99
39 128
44 155
48 182
56 209
70 232
90 251
112 267
136 274
162 271
188 259
212 243
231 222
243 195
251 167
258 138
263 107
49 90
64 82
83 82
101 88
118 96
163 97
183 90
203 86
224 89
241 98
139 118
138 137
137 155
136 173
118 185
127 188
136 191
146 189
156 188
70 113
84 105
100 107
112 122
97 124
81 122
172 124
186 111
203 110
217 120
204 127
187 127
101 218
114 212
126 208
135 211
144 209
158 214
175 223
158 232
144 235
134 235
124 233
113 229
107 219
125 219
135 220
144 219
168 222
144 220
135 220
126 219
0 0
0 150
0 299
150 299
299 299
299 150
299 0
150 0
128 151
147 153
118 140
159 142
112 202
162 205
112 179
163 182
