47 145
49 169
54 192
61 214
72 234
88 250
106 262
125 271
146 275
168 271
189 263
209 251
226 236
237 217
244 195
249 173
252 150
64 125
78 112
95 106
115 105
134 109
165 111
184 107
203 106
221 112
233 124
149 129
149 136
148 144
149 152
131 176
140 176
148 177
157 177
166 176
86 139
98 131
111 130
122 138
110 142
97 143
174 137
187 129
200 130
212 138
201 142
187 141
115 219
127 207
139 198
146 200
153 198
165 206
177 218
165 227
153 230
145 231
137 231
126 227
122 217
139 208
146 208
153 208
170 218
153 218
145 219
138 218
0 0
0 150
0 299
150 299
299 299
299 150
299 0
150 0
140 152
157 152
132 142
165 143
126 196
168 197
127 179
167 180
