27 132
32 159
36 185
38 211
46 234
64 251
90 262
115 271
141 276
169 274
195 265
222 254
242 237
254 214
260 188
266 161
272 132
44 114
60 101
81 96
104 97
127 102
160 103
182 96
206 96
230 100
248 113
143 125
143 134
142 144
142 154
124 180
133 180
143 181
152 180
163 180
73 132
85 123
101 123
114 134
100 138
84 137
175 134
188 122
205 123
219 132
205 138
189 138
105 223
123 214
136 207
145 210
153 207
167 214
184 224
167 229
153 230
144 231
135 230
122 229
113 221
136 215
145 215
153 214
176 222
153 218
144 218
136 218
0 0
0 150
0 299
150 299
299 299
299 150
299 0
150 0
133 152
153 152
125 141
161 141
118 200
169 201
119 181
168 181
