27 140
29 169
33 196
39 223
54 244
76 256
100 263
123 270
145 274
167 272
188 265
211 258
230 245
243 226
251 202
257 176
262 149
55 106
71 94
91 91
111 93
130 99
168 99
189 94
210 94
228 99
241 114
148 128
148 138
147 147
147 157
126 179
136 181
145 183
155 182
165 181
78 132
91 125
106 126
116 136
104 139
89 138
178 138
189 129
204 130
215 139
204 143
190 143
114 218
127 208
138 202
145 205
152 204
163 211
177 223
163 227
152 226
144 226
137 225
126 223
120 217
137 212
144 213
152 213
170 220
152 216
145 216
137 215
0 0
0 150
0 299
150 299
299 299
299 150
299 0
150 0
137 153
156 154
128 139
166 140
123 198
167 200
124 178
168 180
