40 128
39 152
39 177
44 200
51 222
64 238
81 253
99 266
121 271
145 270
173 262
204 252
230 236
246 214
254 186
257 157
260 129
56 106
67 97
83 93
101 94
118 101
151 101
169 92
191 92
212 97
229 109
132 127
130 136
128 145
126 155
111 174
119 176
128 177
139 177
151 176
76 129
88 124
101 123
113 133
100 133
87 132
164 134
176 125
188 124
202 130
190 134
176 135
90 204
105 198
119 193
129 195
139 194
154 198
173 206
152 219
136 224
126 224
115 223
103 217
98 204
119 199
129 200
138 200
166 206
137 215
127 215
116 214
0 0
0 150
0 299
150 299
299 299
299 150
299 0
150 0
121 150
141 151
114 137
151 138
104 189
158 191
106 170
158 172
