36 131
42 158
47 184
54 209
66 232
83 250
107 261
131 271
157 274
182 268
206 256
229 242
246 224
255 200
259 173
261 146
263 118
56 110
69 98
86 94
106 96
125 101
166 98
184 90
205 85
224 87
239 99
147 126
148 137
148 148
149 159
130 180
140 181
150 182
160 180
170 178
78 135
91 126
107 125
120 137
106 141
90 142
176 132
189 119
206 117
219 125
208 134
191 135
117 222
130 209
143 201
151 202
159 200
172 207
189 216
174 225
161 229
153 230
144 230
131 229
125 220
143 209
152 208
160 208
181 215
160 219
152 220
143 221
0 0
0 150
0 299
150 299
299 299
299 150
299 0
150 0
138 153
158 152
127 140
168 138
127 200
175 196
126 180
174 176
