-5 75
-1 111
5 148
14 182
31 212
57 234
88 249
112 262
139 269
165 270
195 261
231 249
262 229
284 200
295 164
301 126
305 90
25 72
50 64
78 67
106 72
132 83
167 85
195 78
224 74
253 74
275 86
149 119
150 139
150 159
150 179
124 193
137 195
148 198
160 197
172 195
57 106
75 97
98 100
114 119
95 122
71 118
187 122
204 104
228 104
246 113
231 125
208 128
113 229
128 225
140 223
147 227
156 225
169 229
181 235
168 246
154 251
144 252
137 250
125 242
119 229
139 227
146 230
155 228
176 234
155 239
145 241
138 238
0 0
0 150
0 299
150 299
299 299
299 150
299 0
150 0
136 156
160 157
128 138
169 140
121 211
174 214
123 183
172 187
