29 137
33 165
36 192
42 217
54 238
75 252
101 261
125 270
149 272
172 268
196 258
224 249
248 235
262 212
268 185
271 157
273 127
47 119
59 102
80 96
103 97
126 101
166 98
187 91
210 87
233 92
249 106
146 125
147 137
147 148
148 159
126 180
137 182
148 183
159 181
170 179
73 136
85 130
100 127
114 135
101 139
86 140
180 131
193 122
208 122
223 127
210 132
194 133
110 219
126 208
139 200
148 202
158 199
172 206
188 214
172 224
159 229
149 230
139 230
126 227
117 217
140 210
149 211
159 209
181 214
158 214
148 215
139 215
0 0
0 150
0 299
150 299
299 299
299 150
299 0
150 0
136 152
158 152
126 140
168 138
121 198
175 196
121 178
174 176
