43 157
48 180
55 201
61 222
70 241
85 253
107 262
129 270
153 273
177 267
201 257
224 245
242 230
251 209
255 185
258 161
261 135
55 130
65 112
82 102
103 98
124 101
154 97
175 89
197 86
218 93
233 109
139 126
140 134
140 141
141 149
128 177
136 177
144 176
152 175
160 174
79 142
89 128
105 125
116 139
105 145
89 146
170 134
181 117
197 116
209 129
200 136
183 137
116 222
127 208
137 198
144 199
151 196
164 205
178 218
165 230
153 234
146 234
139 234
128 231
123 219
138 207
145 206
151 206
171 216
152 221
145 222
138 221
0 0
0 150
0 299
150 299
299 299
299 150
299 0
150 0
133 151
149 150
126 139
157 135
125 198
165 195
124 179
164 175
