38 133
43 160
49 186
57 212
68 235
86 255
109 267
136 272
161 273
185 266
207 252
225 236
239 218
249 196
255 172
259 147
261 120
55 114
67 98
87 92
107 95
127 99
169 95
186 87
205 83
223 86
238 96
150 124
151 137
153 150
154 163
134 184
144 185
155 185
165 183
174 181
81 136
93 129
108 127
120 136
108 140
93 141
180 131
191 120
205 120
217 126
207 133
192 134
122 226
136 213
148 205
155 206
162 204
173 211
186 222
173 227
163 232
155 233
147 233
135 232
130 224
148 216
155 215
163 214
179 221
162 218
154 220
148 220
0 0
0 150
0 299
150 299
299 299
299 150
299 0
150 0
142 154
162 152
130 141
171 138
132 204
176 201
130 182
175 179
