35 108
40 138
47 166
54 192
65 217
82 238
104 254
128 268
152 273
175 267
197 252
220 236
238 216
249 191
255 165
260 139
266 110
53 102
67 87
88 85
110 89
130 96
175 98
195 92
216 88
236 90
250 102
154 121
154 136
155 151
155 166
135 181
145 182
155 183
165 181
175 179
81 122
94 115
108 117
120 128
107 130
92 129
185 128
197 117
211 116
224 123
213 129
198 130
118 212
135 210
149 208
157 209
164 207
176 208
191 208
176 225
164 233
156 235
148 234
133 228
124 213
149 212
157 213
164 212
185 210
164 223
156 225
148 225
0 0
0 150
0 299
150 299
299 299
299 150
299 0
150 0
144 151
164 150
132 138
175 138
129 197
180 194
128 175
180 174
