31 114
33 143
37 172
41 200
53 225
75 243
103 256
130 268
155 273
178 267
201 253
225 238
244 219
256 196
262 170
266 144
269 116
62 104
78 93
98 90
119 94
138 101
173 101
191 95
210 92
229 95
244 104
155 124
154 136
154 148
154 160
134 177
144 179
154 181
163 179
171 177
86 126
99 120
113 121
125 129
112 131
98 131
180 130
191 120
204 120
217 126
205 130
192 131
113 209
130 207
145 203
153 204
161 203
176 206
194 207
177 225
162 231
154 232
145 232
130 226
119 211
145 207
153 207
161 207
187 208
162 222
153 223
146 223
0 0
0 150
0 299
150 299
299 299
299 150
299 0
150 0
144 150
163 150
136 139
172 139
126 194
179 192
127 175
179 173
