45 137
47 162
50 187
54 210
63 231
80 247
101 259
123 270
147 272
171 269
195 258
216 243
233 224
243 201
249 176
253 150
255 124
56 112
69 99
89 94
109 96
127 102
155 100
176 93
197 90
218 95
233 108
143 123
143 136
144 149
144 162
128 180
136 182
145 183
154 182
163 179
79 131
90 123
104 121
116 131
104 136
90 136
172 129
182 119
197 119
209 127
198 133
184 133
112 220
126 209
138 201
146 203
155 201
167 207
180 218
167 224
156 226
147 226
138 226
126 225
118 219
138 214
147 214
155 213
174 217
155 214
146 214
138 215
0 0
0 150
0 299
150 299
299 299
299 150
299 0
150 0
135 151
153 151
127 141
159 139
123 199
168 198
122 180
166 178
