29 112
33 141
38 169
44 197
56 221
75 238
97 252
116 266
138 273
164 270
189 258
216 244
238 223
252 198
261 170
267 139
272 107
42 106
56 93
75 90
96 92
117 97
156 98
178 91
201 89
223 92
241 106
135 123
134 136
133 149
132 163
114 182
124 184
134 185
145 184
157 182
64 127
77 121
93 120
107 131
92 135
76 134
171 130
185 120
201 120
216 126
202 134
185 135
98 214
112 209
125 205
134 207
143 205
160 209
178 216
161 235
145 242
134 243
124 241
111 233
105 215
125 211
134 213
144 212
171 216
144 229
135 230
125 228
0 0
0 150
0 299
150 299
299 299
299 150
299 0
150 0
124 152
146 152
115 139
156 140
109 198
164 199
110 177
163 178
