22 111
26 142
31 171
37 200
49 225
68 244
93 257
116 269
139 274
164 272
190 262
219 249
242 231
258 206
266 177
273 147
278 115
39 101
55 89
78 86
102 90
123 98
166 98
189 92
213 88
237 92
254 106
145 122
145 136
144 150
144 165
123 182
133 184
143 186
153 185
163 184
67 121
81 114
98 114
111 127
96 131
79 129
180 129
194 116
211 115
226 124
213 133
195 133
105 215
120 212
132 209
140 212
147 211
160 216
175 221
159 228
146 229
138 229
130 228
119 224
112 215
132 215
140 216
147 216
169 220
147 219
139 219
131 217
0 0
0 150
0 299
150 299
299 299
299 150
299 0
150 0
134 152
154 153
123 140
164 141
117 198
166 202
117 177
166 180
