24 128
29 158
35 187
43 215
58 238
81 254
110 262
137 270
162 273
187 268
213 257
239 243
258 223
270 197
276 167
278 137
279 105
51 113
66 99
87 93
109 94
131 100
174 97
193 87
215 81
237 82
254 94
154 124
156 137
158 149
159 163
138 183
149 183
160 184
171 182
181 180
80 132
94 128
108 126
120 133
108 136
94 137
190 128
202 118
217 115
230 118
219 126
204 129
117 217
135 210
148 206
157 208
166 205
180 209
197 216
181 222
167 223
158 223
148 223
135 222
124 215
149 213
158 214
167 213
190 215
166 213
157 214
148 213
0 0
0 150
0 299
150 299
299 299
299 150
299 0
150 0
146 153
167 152
134 141
177 138
131 199
185 197
129 178
183 176
