38 109
41 138
47 166
54 193
65 219
82 240
103 257
127 272
151 275
174 270
198 257
220 242
239 222
250 196
256 169
262 141
266 112
59 92
75 79
97 76
118 81
137 90
172 87
190 78
211 75
231 78
246 92
156 120
156 137
155 154
155 171
135 187
145 189
154 191
163 189
172 188
83 120
95 112
111 113
123 127
110 131
93 129
183 128
194 114
210 113
222 121
212 130
196 132
119 222
134 214
146 207
154 210
163 208
175 214
188 221
175 233
163 238
154 239
145 238
133 234
126 222
146 220
154 220
163 219
182 222
163 223
154 224
146 224
0 0
0 150
0 299
150 299
299 299
299 150
299 0
150 0
145 153
164 154
136 138
172 137
130 204
177 205
131 180
177 179
