44 129
44 154
45 179
48 203
57 225
71 241
90 256
111 269
135 274
161 272
187 261
212 247
233 228
244 203
250 175
253 146
255 118
52 100
64 88
81 85
97 87
114 93
151 91
170 85
189 83
209 87
224 98
133 120
132 138
131 155
130 173
114 185
123 189
133 191
144 189
155 187
69 121
81 115
95 115
107 127
94 128
79 127
164 127
175 115
190 115
203 121
191 128
176 128
93 212
108 209
123 204
134 207
144 205
162 209
181 213
162 224
145 230
133 231
122 230
108 224
99 214
123 215
134 217
145 216
175 214
144 217
133 218
122 216
0 0
0 150
0 299
150 299
299 299
299 150
299 0
150 0
123 152
144 153
114 139
153 139
106 199
165 200
106 176
164 176
