43 132
46 158
51 183
58 207
68 231
83 250
107 263
132 272
158 274
182 268
205 257
227 241
241 221
250 198
254 173
256 148
257 122
63 120
76 105
96 100
117 101
136 107
170 104
187 97
207 93
225 96
238 108
152 125
153 136
154 147
154 159
137 180
146 180
156 181
166 179
175 176
87 137
99 131
113 130
124 137
113 142
99 142
182 132
193 124
205 123
217 128
207 134
194 135
126 218
137 211
149 206
157 208
165 205
176 209
190 214
178 226
166 233
158 234
150 234
138 231
132 217
150 213
157 213
165 211
184 214
165 220
157 222
150 221
0 0
0 150
0 299
150 299
299 299
299 150
299 0
150 0
144 152
163 150
136 143
172 140
134 198
179 195
134 180
178 177
