50 127
51 152
53 177
55 202
63 225
79 241
101 254
123 267
145 273
167 270
188 260
210 247
226 230
236 207
241 183
245 157
248 130
64 114
72 99
90 94
108 95
127 100
164 101
183 94
202 92
221 98
231 113
146 124
146 136
145 148
145 160
126 179
135 181
144 182
154 181
164 180
85 129
96 122
109 122
119 131
108 132
96 132
175 131
185 122
197 122
208 129
198 132
185 133
112 216
125 210
138 206
145 208
152 206
166 210
179 217
167 230
153 236
145 236
138 236
124 230
117 216
138 212
145 213
152 212
173 216
152 227
145 227
138 226
0 0
0 150
0 299
150 299
299 299
299 150
299 0
150 0
136 151
155 152
126 139
164 140
121 197
168 198
121 177
168 178
