46 119
46 144
51 169
58 194
68 217
82 236
98 253
117 269
140 274
165 270
188 257
209 239
227 218
237 191
243 162
249 133
252 102
49 86
61 77
78 75
94 79
110 86
155 87
174 78
194 72
215 74
232 84
134 117
134 136
134 156
133 175
117 188
126 191
135 193
145 190
154 188
68 117
81 109
96 110
109 123
94 125
78 124
166 122
178 108
194 106
208 114
197 121
180 123
102 219
116 212
127 207
136 210
144 207
159 212
178 217
159 229
146 234
136 234
126 233
116 228
109 219
127 218
136 219
145 218
170 218
145 219
136 220
126 219
0 0
0 150
0 299
150 299
299 299
299 150
299 0
150 0
125 152
144 152
113 137
154 137
113 203
162 203
111 178
162 177
