47 132
47 156
51 179
57 202
69 222
86 239
104 254
123 268
147 273
171 268
195 255
216 240
235 221
248 199
253 173
254 146
253 119
52 108
61 92
79 86
98 87
115 93
145 89
164 82
186 80
207 85
224 98
133 118
134 136
134 154
135 173
117 184
127 187
137 189
149 186
160 182
73 124
85 120
96 119
107 125
96 126
84 126
165 122
176 116
188 115
201 118
188 121
176 122
102 209
116 206
129 204
140 205
150 203
167 204
187 205
169 218
153 223
142 225
131 224
117 220
108 210
130 213
140 214
150 212
181 206
152 212
141 213
131 212
0 0
0 150
0 299
150 299
299 299
299 150
299 0
150 0
125 151
146 150
116 138
152 135
112 197
170 194
112 174
166 170
