32 138
38 165
44 190
50 216
62 238
80 253
104 264
128 273
152 275
176 269
200 259
225 248
245 232
257 208
263 180
266 152
270 123
50 115
63 101
82 97
102 96
122 101
155 97
175 88
198 85
219 88
236 101
140 123
141 136
141 149
142 162
125 184
135 184
144 185
154 183
164 180
75 134
87 125
101 124
113 134
101 138
87 139
173 128
184 116
199 115
213 121
201 128
186 130
112 222
125 213
137 206
145 207
153 204
166 208
184 215
168 224
156 229
147 230
139 231
126 230
118 221
138 212
146 212
154 210
177 215
155 218
146 220
138 221
0 0
0 150
0 299
150 299
299 299
299 150
299 0
150 0
132 153
152 151
123 142
159 138
121 202
170 197
120 181
168 176
