43 119
46 148
51 175
55 201
65 224
83 241
103 255
124 268
148 273
172 268
192 254
212 238
231 220
242 197
247 171
253 145
257 117
55 104
70 88
92 84
114 87
136 96
162 94
183 86
207 84
230 88
247 103
153 118
153 137
152 154
152 173
130 184
141 187
151 190
163 187
173 185
84 118
96 112
110 112
122 121
109 122
95 122
182 122
193 114
207 114
220 120
208 124
194 124
110 212
128 211
142 209
150 212
159 209
171 212
187 212
170 224
158 229
149 229
141 228
127 224
117 213
142 216
150 217
159 215
181 214
158 217
150 219
141 218
0 0
0 150
0 299
150 299
299 299
299 150
299 0
150 0
141 151
163 151
133 140
167 139
123 198
177 199
125 176
174 176
