38 107
43 140
51 170
58 199
72 224
92 243
116 258
140 272
165 274
188 267
207 249
227 232
243 212
252 188
256 161
259 134
261 105
63 98
82 86
105 85
127 89
149 98
187 99
204 91
223 86
241 87
255 98
170 118
171 137
173 155
174 174
149 185
160 189
172 192
182 188
192 183
93 117
106 110
121 110
135 120
121 122
106 122
194 120
205 109
219 109
231 115
221 121
207 122
125 214
146 214
162 211
170 213
178 210
189 212
202 211
189 221
178 228
170 230
160 230
145 225
132 215
161 218
170 219
178 217
196 212
178 216
170 218
161 217
0 0
0 150
0 299
150 299
299 299
299 150
299 0
150 0
159 151
181 150
149 141
189 141
140 200
194 197
140 178
192 176
