51 137
54 161
59 184
63 207
71 229
86 246
106 260
128 269
151 273
173 269
194 258
214 245
228 228
236 206
240 182
244 159
247 136
67 107
79 94
96 88
115 89
133 96
171 97
187 91
206 91
222 97
234 110
152 123
152 137
153 150
153 164
133 180
143 183
152 185
161 183
170 181
90 128
101 123
113 123
124 130
113 132
100 131
178 131
189 124
201 125
213 130
202 133
189 133
107 208
127 204
142 201
152 202
162 201
176 204
193 208
176 217
162 220
152 221
141 220
126 217
114 208
142 209
152 210
162 209
186 209
162 210
152 210
142 210
0 0
0 150
0 299
150 299
299 299
299 150
299 0
150 0
142 151
161 152
133 138
170 139
123 194
178 195
123 173
178 174
