34 137
40 163
45 188
50 213
59 235
76 251
100 260
122 269
144 274
166 270
190 262
217 253
236 239
247 218
254 193
260 168
266 141
59 107
74 93
94 86
115 87
134 95
165 95
185 89
207 89
227 97
241 113
150 126
150 137
149 148
149 159
131 182
139 183
148 184
157 184
166 183
83 130
95 119
110 120
121 133
109 137
94 136
177 135
189 121
204 122
217 133
205 139
189 139
116 224
129 209
141 200
147 202
155 200
166 211
177 226
165 232
154 234
146 235
139 234
127 230
122 221
140 211
147 212
154 212
170 223
154 222
147 222
140 221
0 0
0 150
0 299
150 299
299 299
299 150
299 0
150 0
140 154
158 154
132 138
165 139
126 201
168 203
127 179
167 181
