29 129
33 157
39 184
46 210
58 233
77 250
102 261
126 270
149 274
171 270
197 261
223 250
241 232
253 208
260 182
266 154
269 124
53 104
68 91
88 86
109 87
128 94
156 92
176 86
198 83
221 87
239 101
142 122
143 136
143 150
143 165
127 185
136 186
145 186
153 185
162 184
77 126
89 117
104 117
114 130
103 134
87 134
174 129
185 115
201 114
214 124
202 131
186 133
116 226
126 210
137 199
145 202
153 199
165 209
175 225
166 233
154 237
146 238
137 237
127 234
123 223
137 213
145 213
153 212
168 222
153 220
146 221
137 220
0 0
0 150
0 299
150 299
299 299
299 150
299 0
150 0
134 153
152 153
127 139
159 138
125 204
165 203
125 181
163 180
