19 114
24 145
30 175
38 203
53 227
75 245
101 257
125 268
149 273
172 270
193 259
217 248
236 230
250 205
259 177
266 148
271 118
51 97
69 84
92 82
115 85
138 92
169 92
191 86
213 83
234 85
249 98
155 123
155 136
156 149
156 163
131 183
142 184
153 186
164 185
174 184
77 124
91 119
107 119
119 130
106 134
90 133
183 131
196 121
211 121
224 127
212 135
197 136
121 221
134 210
145 204
152 206
159 205
170 212
181 223
170 231
160 234
152 234
144 233
134 229
129 219
144 214
151 215
159 215
174 221
160 220
152 220
145 219
0 0
0 150
0 299
150 299
299 299
299 150
299 0
150 0
143 153
164 153
134 137
171 138
130 201
174 202
131 178
172 179
