47 124
47 149
50 174
56 198
67 219
82 238
100 254
117 269
138 274
161 271
184 259
208 244
227 224
239 199
245 172
249 143
251 113
51 99
61 90
77 87
93 91
110 96
146 95
167 88
188 84
209 88
227 98
129 119
128 136
128 153
127 170
113 183
122 185
130 187
141 185
152 183
69 119
80 112
93 112
106 122
92 125
79 124
163 121
176 110
190 110
204 117
191 123
176 123
98 215
110 208
122 205
133 207
143 204
159 208
179 213
160 224
144 228
133 229
122 228
110 224
104 215
123 214
133 215
144 214
171 214
143 215
133 216
123 215
0 0
0 150
0 299
150 299
299 299
299 150
299 0
150 0
121 151
140 151
111 139
149 139
108 199
161 198
107 177
160 176
