34 116
39 145
46 173
54 200
66 224
85 244
108 258
131 268
155 272
179 268
201 258
223 243
240 225
251 201
258 174
262 146
266 118
56 102
70 84
92 78
116 81
138 89
167 89
188 81
211 79
233 84
246 100
153 122
153 137
153 152
153 167
132 186
143 188
153 189
164 187
175 185
83 125
95 114
112 115
123 130
110 134
94 132
182 129
192 113
208 113
220 124
210 131
194 133
117 217
134 212
148 208
154 210
161 208
175 212
191 216
175 223
163 226
155 227
148 226
135 224
123 217
148 215
154 216
162 215
185 216
162 218
155 219
148 218
0 0
0 150
0 299
150 299
299 299
299 150
299 0
150 0
142 154
164 153
135 137
171 137
127 201
180 200
129 177
178 176
