51 141
55 166
60 189
65 212
75 232
88 249
105 261
124 270
146 273
167 270
187 261
205 248
221 231
231 210
237 186
242 162
247 136
67 117
77 102
93 95
112 96
130 101
157 100
175 94
195 92
213 97
224 112
144 127
145 136
145 145
145 155
130 178
138 179
146 179
154 178
162 177
86 138
95 129
108 128
117 137
107 141
95 141
174 135
183 126
196 126
206 134
196 138
184 139
121 223
129 206
139 195
146 197
152 195
162 205
171 223
162 231
152 235
146 235
139 235
129 232
128 221
139 207
146 207
152 207
164 220
152 222
145 222
139 222
0 0
0 150
0 299
150 299
299 299
299 150
299 0
150 0
137 152
153 152
130 139
159 138
129 199
163 198
129 180
161 179
