28 133
36 162
45 189
54 214
68 235
88 250
114 260
138 270
163 273
187 268
209 256
233 244
250 227
260 204
265 177
269 149
272 121
49 112
66 98
89 92
115 91
140 97
172 98
194 90
218 88
241 92
258 105
156 124
158 136
160 148
163 161
138 182
150 184
162 186
173 183
184 180
76 131
90 121
108 120
122 133
108 138
90 138
189 131
204 118
221 118
236 127
223 135
205 135
124 223
142 216
155 210
162 212
170 209
183 215
195 222
183 228
171 230
162 231
154 230
141 228
131 221
155 218
162 219
171 218
188 221
170 220
162 221
154 220
0 0
0 150
0 299
150 299
299 299
299 150
299 0
150 0
147 153
170 152
139 139
178 139
134 201
186 200
135 180
183 180
