26 123
30 153
34 182
41 209
56 232
78 249
103 260
127 270
150 274
173 270
195 259
218 247
237 231
250 210
260 184
267 158
275 128
51 106
69 94
92 90
115 92
137 98
174 98
196 93
218 93
239 98
254 111
154 125
154 138
153 150
153 163
129 182
140 183
152 185
164 183
176 182
76 131
91 128
104 128
117 132
104 135
90 135
187 134
201 129
214 131
227 134
214 137
200 136
113 220
128 209
142 203
151 205
161 203
174 210
188 221
174 233
161 239
151 240
140 239
127 234
120 220
141 213
151 214
161 213
181 220
162 223
151 224
141 223
0 0
0 150
0 299
150 299
299 299
299 150
299 0
150 0
141 153
165 153
133 140
175 140
124 201
178 201
126 180
178 180
