23 115
27 146
33 175
42 203
56 228
79 244
106 255
130 265
155 268
179 264
201 253
226 241
248 224
262 199
270 171
274 141
277 111
50 98
67 83
91 81
115 85
138 93
171 93
193 85
216 81
240 83
258 96
155 123
156 140
157 156
158 172
138 190
148 190
158 191
169 189
179 188
79 122
93 115
110 116
123 128
108 131
92 130
189 128
201 115
217 114
232 121
220 129
203 131
123 226
140 219
152 212
159 215
166 212
177 217
190 225
177 232
166 236
158 237
150 236
139 233
130 224
152 221
159 222
167 221
184 223
166 223
158 225
151 224
0 0
0 150
0 299
150 299
299 299
299 150
299 0
150 0
146 156
167 155
138 141
175 140
134 207
181 205
134 182
179 181
