35 128
38 155
42 183
46 211
56 235
76 252
102 262
128 269
152 273
175 271
200 264
223 253
240 236
250 213
256 188
261 163
266 137
64 100
79 85
99 80
120 83
141 89
174 93
195 89
215 89
234 97
245 113
156 123
155 136
155 148
156 162
137 184
146 185
154 186
162 185
171 185
87 124
100 118
114 119
125 130
113 133
98 131
184 133
196 123
209 125
221 133
210 137
196 137
125 222
138 210
149 203
156 206
163 204
172 212
182 223
171 228
163 230
155 231
147 230
137 228
132 220
148 212
155 213
163 213
176 221
162 218
155 219
148 218
0 0
0 150
0 299
150 299
299 299
299 150
299 0
150 0
146 153
163 154
139 136
172 139
134 202
173 203
135 178
174 180
