23 109
24 140
26 170
30 198
41 224
60 243
87 255
112 267
138 272
165 270
192 262
220 254
243 238
257 215
264 188
270 160
276 131
53 90
71 81
93 80
115 85
134 93
174 96
194 91
215 90
235 93
249 105
151 123
150 137
148 150
146 164
123 183
134 185
144 187
155 187
166 187
74 119
89 115
103 117
114 125
101 127
86 125
185 131
197 124
211 126
224 132
211 135
196 135
109 222
123 210
136 201
144 204
153 202
165 213
178 227
164 233
152 234
143 234
134 233
122 230
116 221
135 212
143 213
152 213
171 225
152 220
143 219
135 219
0 0
0 150
0 299
150 299
299 299
299 150
299 0
150 0
137 153
158 155
128 138
170 141
119 202
168 206
122 179
170 183
