30 122
35 152
40 180
47 209
62 233
85 249
111 261
137 271
160 273
183 266
208 251
233 237
253 218
263 192
266 164
267 134
268 104
49 107
63 93
83 88
104 90
124 96
162 93
181 83
202 79
223 81
239 93
144 121
145 136
146 151
147 167
127 183
138 183
149 185
159 182
169 179
77 127
90 124
102 123
113 129
102 130
89 130
178 124
188 116
200 114
215 116
202 120
189 123
104 214
122 210
138 206
148 207
158 204
176 206
197 206
179 225
163 233
152 235
140 235
123 230
112 214
139 211
149 212
160 210
190 208
161 223
150 225
139 225
0 0
0 150
0 299
150 299
299 299
299 150
299 0
150 0
135 152
156 150
125 139
165 136
119 198
179 193
118 176
177 172
