37 113
38 141
41 169
44 196
52 221
67 240
87 255
108 267
131 273
154 269
179 261
205 250
228 235
243 213
251 185
257 155
262 125
57 97
70 83
90 81
108 86
126 93
157 94
177 89
197 87
216 91
229 106
141 124
139 136
137 148
135 161
118 180
127 181
136 183
144 183
154 183
79 119
91 114
105 116
113 128
102 130
88 127
170 132
180 122
194 122
206 130
195 137
180 137
111 219
119 207
128 200
134 203
141 202
151 212
162 224
150 229
140 232
133 232
125 230
118 226
116 217
127 212
134 214
141 214
156 222
140 219
133 219
127 218
0 0
0 150
0 299
150 299
299 299
299 150
299 0
150 0
129 152
147 153
122 136
155 138
117 198
155 202
119 176
155 180
