31 126
34 156
37 184
43 212
58 235
81 250
110 259
137 269
166 273
192 270
216 259
238 247
254 229
263 204
266 177
270 151
272 124
60 103
77 91
100 87
123 90
146 97
180 98
200 93
222 92
242 96
256 109
164 123
165 136
166 147
168 160
144 180
155 182
166 184
176 183
187 180
89 126
103 120
118 120
129 130
116 132
102 131
193 132
204 123
218 124
231 130
219 134
205 134
130 220
147 212
160 205
168 208
175 206
186 212
200 221
187 225
176 226
168 226
160 225
147 224
137 219
159 215
168 216
175 216
194 220
175 215
168 215
160 214
0 0
0 150
0 299
150 299
299 299
299 150
299 0
150 0
154 151
175 151
145 138
183 139
140 199
190 200
141 178
188 179
