30 138
32 166
36 192
40 217
48 239
65 254
90 264
113 272
134 276
157 274
181 267
206 258
227 243
240 222
249 199
257 173
263 147
46 114
63 94
88 84
116 83
143 87
155 89
182 87
209 93
232 103
248 122
147 120
145 135
144 150
142 165
122 186
132 187
141 189
150 189
161 188
71 125
85 116
102 116
115 129
100 132
83 131
176 131
189 119
205 120
219 130
205 136
188 136
108 226
121 213
133 206
140 208
146 207
157 215
170 228
156 231
145 233
137 233
130 233
120 231
115 224
132 216
139 217
146 217
162 225
145 218
138 218
132 218
0 0
0 150
0 299
150 299
299 299
299 150
299 0
150 0
134 153
154 154
132 136
158 138
118 205
161 206
123 180
160 181
