37 106
40 134
44 161
48 189
59 214
77 234
98 252
121 269
147 275
174 270
199 253
224 236
244 214
254 188
257 158
259 129
262 98
49 100
63 89
81 85
99 87
117 93
160 92
179 84
199 81
219 85
236 95
139 117
139 138
140 158
140 179
119 186
130 189
141 192
153 188
165 185
72 118
85 113
99 114
110 123
98 125
84 124
173 122
185 112
199 111
213 116
201 122
186 123
101 208
118 209
133 207
144 209
155 207
171 207
191 206
173 224
157 231
145 233
133 232
118 225
108 211
133 216
144 217
155 215
185 208
156 217
145 218
133 217
0 0
0 150
0 299
150 299
299 299
299 150
299 0
150 0
129 151
152 151
118 139
162 138
113 198
175 196
113 175
173 173
