23 96
24 128
28 160
32 190
44 217
64 237
90 252
116 266
141 272
166 270
191 259
217 247
238 230
251 205
259 178
266 149
272 119
50 86
68 74
91 75
113 83
134 93
178 97
199 89
220 86
241 89
254 103
155 122
154 138
153 152
152 168
128 184
139 187
150 190
161 189
172 187
75 115
90 108
107 110
119 126
104 128
87 125
186 131
198 118
215 119
228 127
216 135
199 136
110 222
127 217
141 214
148 217
156 215
168 221
183 227
167 234
154 236
146 236
138 235
125 231
117 222
140 221
148 223
156 223
176 226
155 225
147 225
140 223
0 0
0 150
0 299
150 299
299 299
299 150
299 0
150 0
141 153
163 154
131 138
175 142
122 203
174 206
124 180
175 184
