36 105
39 135
44 164
50 192
60 218
76 239
97 255
121 269
144 274
167 270
191 259
214 246
234 227
246 203
254 176
261 148
266 119
58 87
76 75
98 74
119 80
138 90
172 90
192 82
213 79
234 83
247 97
155 120
154 138
152 155
151 172
132 186
141 189
150 191
159 190
169 189
81 117
95 110
111 112
121 126
108 128
92 126
184 130
195 117
210 117
223 125
213 132
197 134
116 221
130 212
141 207
149 210
158 208
169 215
182 223
168 231
157 235
148 235
139 234
128 230
122 221
140 220
149 221
157 220
176 223
157 221
148 222
140 221
0 0
0 150
0 299
150 299
299 299
299 150
299 0
150 0
143 153
162 154
135 138
170 139
127 203
172 206
128 179
173 181
