22 130
26 161
31 191
39 219
56 243
81 260
111 270
141 276
170 278
197 273
221 264
246 253
265 236
275 213
279 186
281 160
281 132
53 101
72 86
96 82
120 86
143 94
178 92
200 84
222 81
243 84
258 98
162 124
164 137
165 149
167 163
141 188
154 189
166 190
177 188
187 187
80 131
94 124
111 124
125 134
111 139
94 138
193 132
206 121
222 121
235 127
224 135
207 137
121 227
139 217
155 209
165 211
175 209
188 216
204 226
190 234
176 236
166 237
155 236
140 234
128 226
155 221
165 222
175 221
197 225
175 222
165 222
155 222
0 0
0 150
0 299
150 299
299 299
299 150
299 0
150 0
151 156
174 155
142 141
182 139
134 207
192 206
135 183
189 182
