31 112
36 141
42 169
48 197
58 222
75 241
98 256
119 268
141 273
164 269
187 257
212 244
231 224
244 200
252 173
259 144
265 114
51 92
65 78
84 74
104 78
123 86
160 87
178 79
200 76
220 80
235 94
141 120
140 137
139 152
137 169
120 186
129 188
138 189
148 189
157 187
74 121
86 115
100 115
111 126
98 130
84 129
172 127
183 116
197 116
211 123
199 130
184 131
113 223
123 214
132 208
139 210
145 208
156 214
168 223
157 232
146 237
139 237
131 237
122 232
120 222
132 217
139 218
145 217
162 222
146 223
139 224
132 223
0 0
0 150
0 299
150 299
299 299
299 150
299 0
150 0
130 153
149 153
121 136
158 137
120 204
159 204
120 179
160 179
