44 117
42 141
43 166
48 189
57 211
73 231
89 250
105 267
125 273
149 272
173 260
197 244
221 227
238 204
247 177
252 148
253 120
43 90
53 84
67 87
81 92
95 99
137 101
158 95
179 93
200 94
218 101
114 120
112 136
109 152
106 169
96 182
103 185
111 187
122 186
133 184
59 113
70 107
84 108
95 120
82 121
67 120
152 124
165 113
180 114
195 121
181 127
166 127
85 216
94 210
105 207
113 210
122 208
138 214
156 220
139 230
123 234
113 234
104 232
94 226
90 217
105 217
113 218
122 218
149 221
122 219
113 219
104 217
0 0
0 150
0 299
150 299
299 299
299 150
299 0
150 0
105 151
123 152
95 140
135 142
93 199
141 202
92 178
142 181
