37 101
41 130
48 157
54 184
65 209
83 231
104 250
127 268
150 273
174 268
197 250
219 231
237 208
248 182
254 154
259 126
261 97
47 93
61 83
80 81
98 84
116 91
166 89
184 82
204 79
224 81
242 90
141 116
141 136
141 157
141 178
125 186
133 189
142 192
152 189
161 186
72 114
84 105
100 106
113 119
98 122
82 121
172 118
185 104
202 102
216 111
204 119
187 120
108 215
122 212
134 208
143 212
152 209
166 212
183 216
168 232
154 238
144 238
134 237
122 230
115 216
134 218
144 219
153 219
176 218
153 220
143 221
134 219
0 0
0 150
0 299
150 299
299 299
299 150
299 0
150 0
133 151
151 151
120 138
163 137
120 201
168 202
117 177
169 177
