48 122
51 147
57 170
61 195
69 219
83 240
102 256
124 269
149 273
174 269
195 256
216 241
230 223
240 201
244 176
247 151
250 124
54 109
67 97
86 95
105 98
122 106
162 103
181 95
201 92
220 97
235 109
143 122
143 138
142 154
142 170
126 185
134 187
143 188
153 186
162 184
79 125
91 119
105 118
117 128
105 131
90 131
173 127
186 117
200 116
211 123
201 129
187 129
111 216
125 212
136 207
144 210
153 208
166 212
182 216
167 225
154 229
145 229
136 229
125 225
118 217
136 216
145 217
153 215
176 216
154 216
145 217
137 216
0 0
0 150
0 299
150 299
299 299
299 150
299 0
150 0
134 153
152 153
124 145
162 143
122 201
169 200
121 181
169 179
