41 123
43 147
47 170
53 194
61 216
75 236
91 253
107 267
127 273
151 270
177 256
202 239
223 219
238 196
249 170
254 141
257 110
37 102
45 92
61 92
77 95
92 101
124 99
147 92
170 90
193 91
214 100
111 121
110 136
108 152
106 167
97 181
104 184
111 185
121 184
130 183
56 118
67 110
82 111
95 124
81 127
66 126
145 124
156 112
173 111
188 119
175 126
158 127
90 216
96 208
105 203
112 206
121 204
135 210
151 219
135 227
122 231
113 231
105 229
97 225
95 216
105 214
113 215
122 215
143 218
121 216
112 216
104 215
0 0
0 150
0 299
150 299
299 299
299 150
299 0
150 0
104 151
120 152
94 141
127 141
96 198
136 200
94 178
135 179
