37 122
35 144
36 168
43 191
54 211
70 231
88 249
104 266
126 273
153 272
181 261
209 248
235 231
252 210
259 183
262 153
262 122
39 93
46 84
61 82
76 86
90 95
116 96
139 88
164 85
189 89
210 100
105 116
102 135
98 155
95 175
85 185
93 191
103 194
115 191
127 187
54 112
64 106
77 107
88 118
76 119
62 118
144 120
156 110
172 109
187 117
173 122
158 122
82 215
89 210
98 207
108 210
118 208
137 212
159 218
140 228
122 233
111 233
100 231
91 224
88 216
99 217
109 219
119 218
152 218
120 219
110 219
100 217
0 0
0 150
0 299
150 299
299 299
299 150
299 0
150 0
95 150
116 151
87 140
121 141
86 200
139 202
87 178
136 179
