44 103
47 131
51 157
54 184
62 209
78 232
99 251
123 269
149 274
175 269
198 252
219 233
235 211
244 185
248 158
253 131
256 102
53 102
66 90
86 86
106 88
125 96
167 92
187 85
207 83
227 87
242 98
146 116
146 137
146 157
146 178
127 187
137 190
147 193
157 190
167 187
79 116
92 108
107 109
121 120
106 121
91 121
175 119
188 107
204 106
216 113
205 119
190 120
103 206
122 210
138 210
148 212
159 209
175 209
194 206
176 222
160 230
148 232
137 231
121 223
111 210
138 217
148 218
159 216
187 209
159 218
148 220
137 218
0 0
0 150
0 299
150 299
299 299
299 150
299 0
150 0
136 151
156 151
126 141
167 139
119 198
177 198
118 175
177 174
