48 114
49 142
52 170
56 196
67 220
84 239
104 256
126 269
148 273
169 270
189 256
208 241
224 222
236 199
243 174
248 148
251 122
65 91
79 79
99 77
118 81
135 89
174 91
192 84
211 82
229 86
241 99
154 117
154 136
154 154
154 173
131 187
142 188
152 190
162 189
171 187
82 114
95 108
110 110
121 122
108 123
93 122
183 124
195 113
209 112
220 119
210 125
195 126
114 216
129 209
143 204
152 207
161 204
173 209
186 216
174 226
161 230
152 230
142 230
129 226
120 216
142 216
152 217
161 216
181 216
161 216
152 217
143 216
0 0
0 150
0 299
150 299
299 299
299 150
299 0
150 0
142 152
162 152
133 138
172 139
125 201
176 201
126 177
176 177
