29 95
32 126
35 155
40 184
51 210
69 231
91 250
111 267
135 273
161 271
188 259
214 243
236 221
251 194
260 164
266 132
269 98
40 89
54 78
74 78
94 83
112 91
150 90
173 84
196 81
219 85
239 96
131 116
130 137
128 158
126 179
108 187
118 192
128 195
140 192
151 190
65 109
79 102
95 103
108 117
93 119
76 117
164 120
177 107
194 107
209 116
196 123
178 123
94 215
108 216
120 215
129 218
138 216
154 219
174 220
154 231
139 236
129 236
119 234
108 228
101 218
120 221
129 223
138 223
166 221
138 223
129 223
120 221
0 0
0 150
0 299
150 299
299 299
299 150
299 0
150 0
119 151
141 153
110 139
150 140
104 202
158 205
105 178
158 180
