43 113
48 143
54 170
62 196
73 219
89 238
108 256
128 270
151 274
174 269
193 257
212 242
227 223
238 200
245 174
252 147
256 118
59 96
75 86
96 85
116 89
135 97
167 98
188 90
208 86
229 87
244 99
152 116
152 135
152 154
153 173
130 184
141 188
152 191
163 188
173 184
83 119
96 112
110 112
123 121
110 124
95 124
180 122
192 112
207 112
219 119
208 124
193 124
115 221
130 216
142 214
151 216
159 214
172 216
187 220
172 231
161 235
151 235
142 235
130 232
122 221
142 220
151 221
160 220
181 221
160 221
151 222
142 221
0 0
0 150
0 299
150 299
299 299
299 150
299 0
150 0
141 150
162 150
132 140
170 141
126 202
177 202
127 180
175 181
