31 105
34 134
39 161
46 188
57 213
76 234
100 252
125 267
152 273
178 269
202 253
225 235
245 214
256 188
262 160
266 131
267 100
45 100
63 89
86 89
108 93
129 101
166 97
186 86
208 80
231 78
251 88
148 118
149 137
149 156
149 176
125 183
137 187
148 191
161 188
172 183
73 115
87 107
104 108
117 121
102 124
85 123
179 118
191 104
208 103
222 110
210 119
193 121
104 207
124 211
140 210
148 213
157 210
173 211
193 207
174 223
158 228
148 229
139 228
124 221
110 210
139 216
148 219
157 217
187 210
157 218
148 219
139 217
0 0
0 150
0 299
150 299
299 299
299 150
299 0
150 0
136 150
160 150
127 142
169 140
117 196
179 196
118 176
178 175
