44 121
48 148
54 173
61 198
70 221
85 240
104 256
124 269
146 272
168 268
191 256
213 242
230 222
240 199
246 173
250 146
253 118
56 102
67 89
85 84
103 87
120 94
154 93
171 85
191 83
211 86
225 99
138 120
137 137
136 152
136 169
120 184
129 185
138 186
147 185
157 183
78 122
89 116
102 117
113 126
102 128
88 127
166 126
177 116
190 116
202 121
191 126
177 127
113 217
122 209
132 203
139 206
146 204
157 209
171 218
158 226
147 230
139 230
131 230
122 226
119 217
132 214
139 215
146 214
165 217
146 216
139 216
132 215
0 0
0 150
0 299
150 299
299 299
299 150
299 0
150 0
129 152
147 151
120 139
155 138
119 200
161 200
119 178
160 177
