50 121
51 148
54 174
59 200
70 223
87 241
106 255
126 268
148 273
171 269
192 257
212 242
229 225
241 202
245 176
249 150
250 123
64 104
77 91
96 88
114 91
131 97
159 98
179 93
199 92
217 96
231 108
146 121
145 138
145 155
144 172
124 183
134 186
144 189
155 187
166 185
86 120
98 118
109 120
118 126
108 126
96 124
175 128
184 122
195 122
207 124
196 128
185 129
110 207
124 207
137 206
146 209
155 207
169 209
187 209
169 216
156 220
146 221
136 220
124 216
115 209
136 212
146 213
155 212
181 210
155 211
145 212
136 210
0 0
0 150
0 299
150 299
299 299
299 150
299 0
150 0
135 152
156 153
127 140
162 141
119 196
173 197
121 174
171 175
