59 117
60 145
63 173
69 200
80 224
97 245
116 263
138 275
162 277
184 272
201 256
216 237
230 217
238 194
241 170
243 145
242 121
79 100
94 90
113 89
131 94
149 102
178 104
193 97
209 93
224 94
235 103
165 122
165 139
166 157
168 175
146 186
156 189
166 191
175 189
184 186
102 122
113 117
126 118
137 126
125 129
111 128
186 126
196 118
208 118
218 123
210 128
197 129
128 218
143 211
158 205
166 208
175 205
185 210
195 217
186 231
176 237
166 239
156 239
142 234
135 219
157 215
166 215
175 215
189 217
175 222
166 224
157 223
0 0
0 150
0 299
150 299
299 299
299 150
299 0
150 0
155 154
174 154
147 144
181 145
140 202
186 201
141 181
185 181
