54 113
51 137
54 161
58 185
65 208
75 231
89 251
106 268
130 275
157 273
182 258
205 240
221 218
233 194
240 170
244 145
244 120
65 96
80 90
97 93
113 97
128 103
154 104
171 98
189 95
208 95
225 103
138 121
136 139
133 157
130 175
114 183
122 187
131 191
141 188
152 186
80 115
91 111
103 112
113 122
101 123
88 121
168 124
179 115
192 115
203 122
193 127
179 127
100 216
111 210
122 206
131 210
141 207
153 213
165 221
153 231
140 234
130 234
119 232
109 226
105 217
121 216
131 218
141 217
160 221
140 218
130 219
121 217
0 0
0 150
0 299
150 299
299 299
299 150
299 0
150 0
126 152
145 153
121 143
153 145
109 200
156 203
113 180
156 183
