68 120
66 142
68 166
74 189
81 212
90 234
101 254
117 270
138 275
162 272
184 262
201 245
212 225
221 203
228 178
231 154
230 130
72 91
81 82
95 85
108 91
121 99
153 100
168 92
184 88
200 88
214 96
135 120
133 138
130 156
127 174
114 184
122 188
131 191
141 188
151 185
85 117
94 113
106 115
116 124
104 124
92 122
165 126
176 119
188 118
199 123
189 127
177 128
104 214
113 208
123 205
133 208
143 206
157 209
173 215
158 229
144 236
133 237
122 235
112 228
109 215
123 214
133 216
143 215
167 216
144 219
133 220
123 218
0 0
0 150
0 299
150 299
299 299
299 150
299 0
150 0
124 152
143 152
117 141
152 142
111 199
159 200
113 178
159 179
