57 118
59 144
64 170
69 195
80 219
96 240
115 259
138 273
165 275
189 268
208 249
223 228
235 204
242 180
245 155
246 131
243 106
73 105
87 93
106 91
124 94
141 100
172 97
187 90
203 85
219 84
233 92
158 118
159 138
160 158
161 179
140 188
150 192
161 194
172 191
181 186
93 119
104 112
117 112
130 121
117 124
103 124
183 118
193 107
206 105
217 111
209 117
195 119
126 217
139 211
152 207
162 210
171 206
182 210
194 214
183 226
173 232
162 234
152 233
139 229
132 218
152 217
162 218
171 217
189 215
171 217
162 219
152 218
0 0
0 150
0 299
150 299
299 299
299 150
299 0
150 0
149 153
169 152
140 144
176 141
136 203
185 200
136 181
182 178
