59 120
61 146
63 171
67 197
74 220
88 240
105 257
125 270
148 274
171 271
192 259
211 243
225 224
232 200
236 175
239 150
240 125
77 102
89 92
105 91
120 93
134 99
166 100
180 94
195 92
210 95
221 104
150 121
150 136
149 152
149 168
134 180
141 182
149 184
157 183
164 181
98 122
107 118
119 119
127 126
117 128
106 128
173 127
181 120
192 119
202 124
193 129
183 129
119 212
131 207
141 204
148 206
157 204
167 209
180 214
167 221
157 224
148 224
140 223
130 220
124 213
141 211
148 213
157 212
174 215
156 212
148 213
141 212
0 0
0 150
0 299
150 299
299 299
299 150
299 0
150 0
142 150
157 151
134 139
165 140
129 196
169 198
129 176
169 177
