43 120
45 144
46 170
50 195
60 220
77 240
100 256
124 269
149 274
175 270
199 257
222 241
240 221
250 197
254 171
255 146
257 121
75 97
89 91
103 88
118 91
131 97
168 97
182 91
197 88
212 90
225 97
150 121
150 136
150 151
150 167
133 183
141 185
150 187
159 186
168 184
93 123
104 118
115 118
125 125
115 127
103 127
175 125
185 118
196 118
207 122
197 127
185 127
122 220
133 209
144 202
150 204
157 202
167 209
178 220
167 227
157 231
150 232
142 231
132 227
127 218
143 214
150 215
157 214
172 219
156 215
150 216
143 215
0 0
0 150
0 299
150 299
299 299
299 150
299 0
150 0
141 152
159 152
132 140
168 140
130 200
170 201
129 179
170 179
