50 127
56 154
63 179
69 203
80 225
97 244
118 260
141 272
166 274
190 266
212 250
232 232
246 210
251 184
251 157
250 130
248 102
64 114
75 100
94 97
112 100
130 105
152 99
170 91
190 84
210 84
226 93
146 116
149 136
152 156
154 176
135 187
146 189
156 192
166 187
176 182
88 126
97 119
110 118
121 125
111 128
98 129
174 117
184 108
196 106
207 110
198 115
186 117
118 214
135 215
148 212
158 214
167 210
180 210
197 205
183 216
171 224
161 226
150 227
136 224
124 216
149 218
159 218
168 215
191 208
169 215
159 218
149 218
0 0
0 150
0 299
150 299
299 299
299 150
299 0
150 0
140 151
161 149
132 146
164 140
129 201
183 195
128 181
177 174
