54 117
56 145
60 173
65 199
77 223
96 242
118 258
141 272
166 275
189 269
206 252
221 232
233 211
240 186
243 161
247 136
247 111
82 100
97 90
116 89
134 95
151 103
182 102
197 95
212 90
228 90
239 100
169 121
170 138
172 155
173 172
151 182
161 186
171 189
180 186
188 182
105 119
117 113
130 114
140 123
129 125
116 125
189 123
199 114
211 113
220 119
213 125
200 125
134 214
149 206
162 201
171 204
180 201
191 205
201 213
192 226
181 232
171 234
161 233
148 226
140 214
162 212
171 213
181 212
196 213
181 218
171 219
162 218
0 0
0 150
0 299
150 299
299 299
299 150
299 0
150 0
160 151
178 151
151 142
185 142
145 198
192 197
145 178
190 177
