51 128
53 153
59 176
64 199
74 221
89 240
107 256
128 270
152 273
178 267
200 250
221 232
240 212
250 187
251 159
251 130
250 102
61 113
68 100
83 94
98 93
114 96
148 90
165 80
183 76
202 76
218 86
134 118
136 137
137 155
138 174
124 188
133 190
142 192
151 187
161 182
82 128
91 122
103 121
114 126
103 129
92 130
167 118
176 110
188 108
199 110
190 116
178 118
114 215
125 210
136 207
145 209
153 205
167 206
184 206
169 217
156 223
147 225
137 225
126 222
119 215
136 215
146 216
154 214
178 208
154 213
146 216
136 215
0 0
0 150
0 299
150 299
299 299
299 150
299 0
150 0
129 153
147 150
119 142
154 136
121 201
169 195
119 178
166 172
