59 135
62 162
67 188
74 213
87 235
106 252
126 266
148 274
170 275
188 268
202 253
216 236
227 217
236 197
241 175
242 153
240 131
85 106
99 94
117 90
136 92
154 99
178 97
191 91
205 89
219 92
228 101
167 120
169 137
170 153
172 170
151 186
160 188
170 190
179 187
187 183
108 124
118 117
130 117
140 125
130 127
118 128
187 123
195 114
205 114
214 120
207 124
196 124
138 219
150 214
162 209
170 211
178 208
186 211
195 216
188 225
180 230
172 232
163 232
151 228
144 219
162 218
170 218
178 217
190 216
179 218
171 220
163 220
0 0
0 150
0 299
150 299
299 299
299 150
299 0
150 0
159 153
177 151
152 142
182 140
147 202
188 199
148 180
186 178
