54 115
56 141
62 168
68 193
79 218
94 240
114 257
136 270
158 274
181 268
199 252
216 233
228 209
236 184
241 159
244 133
245 108
73 104
85 93
103 92
120 96
137 102
163 101
180 96
196 92
213 93
225 102
152 121
152 137
152 152
152 169
135 182
143 184
151 186
160 183
169 182
94 121
104 116
117 116
126 123
116 125
104 125
176 122
185 116
196 116
206 120
197 125
186 125
122 217
135 209
146 202
153 204
160 201
171 208
182 215
171 223
161 229
153 230
146 229
135 225
128 217
146 213
153 213
160 212
176 215
160 214
153 216
146 215
0 0
0 150
0 299
150 299
299 299
299 150
299 0
150 0
143 151
160 151
136 142
166 141
131 199
172 198
132 179
171 178
