60 115
62 139
66 164
70 189
75 214
88 236
106 255
125 271
149 276
173 273
192 259
208 239
221 217
228 193
233 167
237 142
238 116
78 101
92 94
107 96
122 100
137 107
163 105
179 99
194 95
211 94
223 102
151 121
151 138
152 155
152 172
136 184
144 185
152 187
160 185
166 183
96 122
105 117
116 118
126 125
115 128
103 127
174 125
183 118
195 117
204 122
196 127
184 128
120 218
132 212
142 208
151 211
160 208
169 212
180 218
170 224
161 227
152 227
142 227
132 224
125 218
142 216
151 217
160 216
176 218
160 216
152 217
143 217
0 0
0 150
0 299
150 299
299 299
299 150
299 0
150 0
143 152
158 152
136 145
164 144
130 201
171 200
130 181
170 181
