45 91
48 120
53 148
59 176
68 202
83 228
101 251
122 269
149 273
174 268
195 250
212 227
228 201
238 175
244 147
251 119
255 90
60 91
77 83
97 85
116 90
135 97
168 97
187 90
205 84
225 80
243 87
152 115
152 136
151 158
151 179
132 187
142 190
151 194
161 190
171 186
84 111
96 106
112 107
123 117
110 121
94 120
181 116
192 105
208 103
219 109
210 119
195 120
115 217
129 212
141 209
152 213
163 209
175 211
187 215
175 227
163 234
152 235
140 234
128 228
121 218
141 219
152 220
163 218
181 216
163 220
152 222
141 220
0 0
0 150
0 299
150 299
299 299
299 150
299 0
150 0
142 151
161 150
133 142
169 141
126 202
176 201
127 180
175 178
