57 127
58 151
61 175
66 200
75 223
90 242
109 258
131 270
156 272
178 269
197 257
213 241
225 222
232 201
236 179
240 156
240 133
77 105
89 94
106 90
123 92
140 99
170 100
187 94
204 92
219 99
228 112
154 122
154 137
154 152
155 167
136 182
145 184
154 186
162 184
170 183
97 124
107 118
118 119
127 127
118 129
106 128
178 130
187 122
199 121
208 128
199 132
188 132
120 215
135 209
147 204
154 206
162 204
174 209
188 214
175 223
164 225
156 226
147 225
135 222
125 215
147 214
155 214
162 213
182 214
163 214
156 215
148 214
0 0
0 150
0 299
150 299
299 299
299 150
299 0
150 0
145 152
162 152
138 140
170 141
130 198
176 198
131 177
176 177
