56 126
58 149
61 172
66 195
73 218
85 239
100 257
120 270
145 275
172 272
195 260
213 243
227 223
234 200
238 176
241 153
243 129
72 101
82 89
98 87
113 90
129 97
163 97
179 91
196 88
212 92
222 104
146 118
146 137
146 154
146 173
128 183
136 186
145 189
155 186
165 183
90 124
100 117
112 118
121 126
110 128
99 127
172 126
182 119
194 118
203 125
194 128
183 128
112 212
126 209
137 208
146 210
155 208
167 211
182 214
167 221
154 224
145 225
136 224
125 219
117 214
137 215
145 217
154 216
178 215
154 216
145 217
136 215
0 0
0 150
0 299
150 299
299 299
299 150
299 0
150 0
137 150
155 150
128 140
164 140
122 198
171 199
122 177
171 177
