56 115
56 139
58 163
64 187
73 209
87 230
101 250
117 269
139 275
164 272
186 257
206 237
224 215
236 190
242 162
244 134
244 106
62 101
71 90
85 88
100 91
115 97
147 97
164 89
183 86
201 88
216 99
131 117
131 137
130 157
130 178
113 185
122 188
133 192
144 188
154 184
80 114
89 109
101 110
110 118
99 120
88 120
160 118
170 110
183 108
194 113
184 118
172 119
104 207
115 207
126 206
136 210
146 206
159 207
175 207
160 220
146 227
135 228
124 227
114 220
109 210
125 214
136 216
146 214
169 209
146 214
135 216
125 214
0 0
0 150
0 299
150 299
299 299
299 150
299 0
150 0
122 151
142 150
114 141
150 140
111 197
161 196
111 175
159 174
