53 116
54 142
56 168
62 194
74 217
90 238
112 256
134 269
159 274
183 270
203 256
220 237
233 216
242 193
248 168
253 142
255 117
82 98
95 85
113 82
130 86
146 95
178 95
194 86
212 83
230 85
243 97
162 116
163 135
164 154
164 174
143 187
153 189
164 192
173 189
183 187
101 119
111 113
123 113
132 123
122 125
110 124
190 123
200 113
213 112
223 118
214 124
201 124
127 219
141 212
154 207
163 211
172 208
185 213
197 219
185 232
172 237
162 238
152 237
140 231
133 219
153 220
163 221
172 220
191 220
172 221
162 222
153 220
0 0
0 150
0 299
150 299
299 299
299 150
299 0
150 0
152 151
172 151
144 141
180 141
138 203
187 203
138 180
185 180
