47 105
48 133
52 160
58 186
69 210
86 231
105 251
127 268
152 273
176 267
197 250
214 231
231 210
243 187
249 162
254 136
255 110
64 90
80 78
100 74
120 77
138 85
176 87
193 79
212 77
230 80
243 92
157 113
157 135
157 157
156 179
134 187
144 190
155 194
166 190
175 187
87 110
99 103
114 105
127 117
113 119
98 118
184 117
195 105
210 104
222 111
212 118
197 120
108 208
128 211
144 211
154 213
164 211
178 212
194 210
177 223
164 229
153 231
142 230
127 223
114 211
144 219
153 221
164 219
187 213
164 217
153 219
143 218
0 0
0 150
0 299
150 299
299 299
299 150
299 0
150 0
145 150
166 150
136 136
175 137
124 199
181 200
125 173
181 175
