49 124
52 149
54 174
57 199
65 222
80 242
101 258
126 270
151 273
176 267
199 255
220 240
235 220
243 196
245 171
249 146
252 120
65 106
78 96
93 92
110 94
125 101
159 97
176 90
193 86
211 90
225 99
144 119
144 136
145 153
145 171
126 179
136 182
146 185
156 181
166 178
85 124
95 116
107 116
119 125
107 128
95 128
172 123
183 112
196 111
207 119
197 124
184 124
102 201
119 197
134 196
146 197
158 194
175 193
195 195
179 218
162 227
149 229
136 228
119 221
108 202
135 203
147 204
159 202
189 197
160 217
148 219
136 218
0 0
0 150
0 299
150 299
299 299
299 150
299 0
150 0
135 149
155 148
125 140
162 137
117 190
177 187
116 171
175 167
