63 125
65 149
68 172
72 196
78 218
90 238
106 254
125 268
147 273
170 270
190 257
205 241
219 220
227 196
232 171
235 146
237 120
73 103
82 89
98 84
115 84
131 91
162 91
176 82
194 80
210 85
220 99
146 119
147 136
148 152
149 169
128 186
138 188
149 190
159 188
169 185
90 125
99 119
111 119
120 126
110 129
99 129
174 124
184 117
195 116
205 122
196 126
185 126
117 221
127 213
138 208
147 210
155 208
166 213
177 221
168 231
157 236
148 237
138 236
128 232
123 222
138 220
147 221
156 220
172 222
156 222
147 223
138 222
0 0
0 150
0 299
150 299
299 299
299 150
299 0
150 0
137 152
157 152
129 138
165 138
125 204
170 203
126 180
168 180
