53 111
53 137
57 163
64 187
75 211
88 233
103 254
121 269
144 274
168 269
190 256
208 237
223 213
234 189
241 162
246 134
247 106
62 92
73 81
90 80
107 83
123 90
158 89
176 82
195 78
214 79
229 89
140 115
139 136
138 158
137 178
118 187
128 190
139 194
152 190
164 187
80 113
91 109
104 109
115 118
103 120
90 119
174 117
185 109
198 107
210 111
200 118
186 119
109 217
119 212
130 209
140 213
151 209
164 212
179 217
165 226
152 231
141 232
130 231
119 226
114 218
129 218
140 220
152 218
173 218
152 218
141 220
130 218
0 0
0 150
0 299
150 299
299 299
299 150
299 0
150 0
129 151
152 151
120 138
161 138
116 202
168 202
117 178
167 178
