64 123
63 146
66 168
69 190
76 212
88 233
104 251
123 267
146 273
169 269
190 255
208 237
220 217
227 195
231 172
235 149
235 126
76 101
87 91
103 88
119 90
135 96
161 96
177 91
194 90
210 94
222 104
147 119
147 136
147 154
147 172
129 184
138 186
147 189
157 186
166 184
92 122
102 115
114 116
123 126
112 128
100 127
174 127
183 118
195 117
205 124
197 129
184 129
113 210
127 210
140 209
147 212
155 209
167 212
181 212
166 224
154 228
146 228
138 227
126 222
118 212
139 215
147 217
155 216
176 214
154 215
146 216
138 214
0 0
0 150
0 299
150 299
299 299
299 150
299 0
150 0
138 151
156 151
132 140
163 140
123 198
171 199
125 176
169 177
