45 85
45 116
48 145
53 174
63 201
78 226
96 249
118 268
143 274
168 270
190 253
209 233
227 210
239 184
246 157
252 129
255 100
60 80
75 69
96 69
114 74
132 83
176 85
194 78
213 76
232 79
245 91
153 112
152 136
151 160
150 183
127 189
137 193
149 197
160 194
170 191
81 106
94 99
110 102
121 115
107 117
91 115
182 118
193 106
209 105
221 112
211 120
195 120
104 211
123 214
137 215
147 220
158 216
170 216
184 214
170 229
157 235
146 237
136 235
121 228
110 214
137 224
147 226
158 224
178 217
157 222
147 224
137 222
0 0
0 150
0 299
150 299
299 299
299 150
299 0
150 0
140 150
161 151
129 136
173 138
118 201
174 204
119 175
175 177
