58 126
56 148
56 169
58 191
63 213
73 233
88 251
106 267
130 272
156 270
182 259
205 244
223 225
233 203
237 178
239 154
241 129
63 112
69 99
83 93
98 93
113 97
147 97
165 92
184 93
201 98
214 110
130 118
129 137
127 156
126 175
110 180
118 185
128 189
140 184
151 180
80 123
89 117
100 117
111 124
100 125
89 125
159 124
170 117
182 117
193 123
182 125
170 125
95 204
107 202
120 201
131 203
142 200
158 201
177 203
160 217
143 222
132 223
120 222
107 216
101 205
120 208
131 209
142 207
172 204
143 212
132 213
120 212
0 0
0 150
0 299
150 299
299 299
299 150
299 0
150 0
120 149
140 149
111 138
149 138
105 192
161 192
106 171
160 171
