56 114
57 140
60 166
64 191
76 213
92 232
109 251
128 267
150 273
173 270
191 256
208 239
223 221
235 200
240 176
244 151
245 125
76 99
90 91
108 88
125 91
140 98
175 99
190 93
207 91
223 95
235 106
157 119
156 137
156 154
155 171
133 178
143 181
154 184
164 182
174 181
98 117
109 114
120 115
129 123
119 121
108 120
182 125
192 118
203 117
214 122
204 124
193 125
109 202
125 197
141 196
152 199
164 198
179 202
192 209
178 228
162 233
150 233
138 231
123 222
114 203
141 203
152 205
163 205
187 209
163 221
151 221
139 219
0 0
0 150
0 299
150 299
299 299
299 150
299 0
150 0
145 148
165 150
136 138
174 140
123 190
180 195
125 170
180 174
