51 110
52 138
56 165
60 191
71 214
88 233
106 251
125 267
148 272
171 267
191 251
209 234
226 215
237 191
243 164
247 136
247 107
60 93
72 79
90 75
109 76
128 82
166 80
185 72
206 69
225 73
239 87
146 115
146 137
145 158
145 179
124 189
135 192
146 195
157 192
169 190
78 115
91 107
106 108
118 120
105 122
89 121
179 119
191 106
206 104
219 111
208 119
193 120
106 217
121 215
135 213
145 215
155 212
170 215
186 217
171 232
156 238
145 239
134 238
120 232
112 219
135 224
146 225
156 224
180 219
156 224
146 225
135 224
0 0
0 150
0 299
150 299
299 299
299 150
299 0
150 0
135 152
157 152
126 135
167 135
118 204
174 204
119 177
173 177
