60 125
63 150
67 176
73 200
82 223
100 243
121 258
144 270
169 272
192 268
208 254
221 238
231 220
238 199
242 176
243 154
242 132
93 108
105 95
124 89
144 89
161 96
187 97
202 91
219 90
233 96
239 111
174 121
175 136
177 150
179 166
151 179
163 182
175 185
185 182
195 179
113 124
124 120
135 120
146 126
135 128
123 128
193 128
204 122
215 122
224 128
216 130
205 130
133 208
150 201
165 198
174 201
183 198
195 202
206 207
194 215
184 217
174 218
164 217
150 215
139 208
164 206
173 207
183 206
201 207
183 207
174 207
165 207
0 0
0 150
0 299
150 299
299 299
299 150
299 0
150 0
162 150
184 150
156 137
191 138
145 193
198 193
147 172
196 172
